001110000000111011011011101101110000000110
000111000000011101101111110110111000000011
100011100000001110110111011011011100000001
110001110000000111011011001101101110001000
111000111000000011101101100110110111000000
011100011100000001110110111111011011100000
001110001110000000111011011111101101110000
000111000111000000011101101100110110111000
000011100011100000001110110110011011011100
000001110001110000000111011011010101101110
000000111000111000000011101101101110110111
000000011100011100000001110110110011011011
100000001110001110000000111011011001101101
110000000111000111000000011101101101110110
111000000011100011100000001110110111111011
011100000001110001110000001111011011101101
101110000000111000111000000011101101100110
110111000000011100011100000001110110110011
011011100000001110001110000000111011011111
101101110000000111000111000000011101101111
110110111000000011100011100000001110110110
011011011100000001110001110000000111011011
111101101110000000111000111000000011101101
111110110111000000011100011100000001110110
110011011011100000001110001110000000111011
011001101101110000000111000111000000011101
101101110110111100000011100011100000001110
110111111011011100000001110001110000000111
011011101101101110000000111000111000000011
101101100110110111000000011100011100000001
110110110011011011100000001110001110000000
111011011101101101110000000111000111000000
011101101010110110111000000011100011100000
001110110110011011011100000001110001110000
000111011011001101101110000000111000111000
000011101101111110110111000000011100011100
000001110110111111011011100000001110001110
000000111011011001101101110000000111000111
000100011101101100110110111000000011100011
100000001110110110111011011100000001110001
110000000111011011111101101110000000111000
011000000011101101110110110111000000011100
